1.500000000000000000e+02 2.441857341137591009e-01
1.510000000000000000e+02 2.575737350509477719e-01
1.520000000000000000e+02 2.692433889002885383e-01
1.530000000000000000e+02 2.810386720724907250e-01
1.540000000000000000e+02 2.926127551486117362e-01
1.550000000000000000e+02 3.049991897970997234e-01
1.560000000000000000e+02 3.035666879553632902e-01
1.570000000000000000e+02 3.129790603364221990e-01
1.580000000000000000e+02 3.084734571598475861e-01
1.590000000000000000e+02 3.074883652685466706e-01
1.600000000000000000e+02 3.133342714663220896e-01
1.610000000000000000e+02 3.179538466436213073e-01
1.620000000000000000e+02 3.257012451307471634e-01
1.630000000000000000e+02 3.335577022018294535e-01
1.640000000000000000e+02 3.422839303824143364e-01
1.650000000000000000e+02 3.588363644014292420e-01
1.660000000000000000e+02 3.686998077101233950e-01
1.670000000000000000e+02 3.838851557694746286e-01
1.680000000000000000e+02 3.980344472812413770e-01
1.690000000000000000e+02 4.122195778329654781e-01
1.700000000000000000e+02 4.244799014510657886e-01
1.710000000000000000e+02 4.356806611942978802e-01
1.720000000000000000e+02 4.456389045441695451e-01
1.730000000000000000e+02 4.484766435816532892e-01
1.740000000000000000e+02 4.457844765586200797e-01
1.750000000000000000e+02 4.499912283858727435e-01
1.760000000000000000e+02 4.434366340753920221e-01
1.770000000000000000e+02 4.433083071903834438e-01
1.780000000000000000e+02 4.384144477476042967e-01
1.790000000000000000e+02 4.301409283002439743e-01
1.800000000000000000e+02 4.269804452201335643e-01
1.810000000000000000e+02 4.177035289954726949e-01
1.820000000000000000e+02 4.143797470639437042e-01
1.830000000000000000e+02 4.039773693748154315e-01
1.840000000000000000e+02 3.903738524903562213e-01
1.850000000000000000e+02 3.824601685651485838e-01
1.860000000000000000e+02 3.708488976679965021e-01
1.870000000000000000e+02 3.602299442750399039e-01
1.880000000000000000e+02 3.451632889501711210e-01
1.890000000000000000e+02 3.284782890199159922e-01
1.900000000000000000e+02 3.100312992999295081e-01
1.910000000000000000e+02 2.904905444707067685e-01
1.920000000000000000e+02 2.687265167245594388e-01
1.930000000000000000e+02 2.458482994700604551e-01
1.940000000000000000e+02 2.251155111962345468e-01
1.950000000000000000e+02 2.044597961266179931e-01
1.960000000000000000e+02 1.914070636277400705e-01
1.970000000000000000e+02 1.831333514973694232e-01
1.980000000000000000e+02 1.767500523832440940e-01
1.990000000000000000e+02 1.714635049650181098e-01
2.000000000000000000e+02 1.697469883657701517e-01
