1.500000000000000000e+02 1.170000000000000000e+02 8.812723584008889943e-02 7.551834865595169477e-02
1.510000000000000000e+02 1.160000000000000000e+02 8.141088414227386216e-02 7.491062644076081078e-02
1.520000000000000000e+02 1.150000000000000000e+02 8.021576776950230248e-02 7.391753820452307000e-02
1.530000000000000000e+02 1.160000000000000000e+02 7.876226347961884366e-02 7.530109856158655190e-02
1.540000000000000000e+02 1.150000000000000000e+02 7.910456484781371034e-02 7.534936565572265821e-02
1.550000000000000000e+02 1.150000000000000000e+02 7.963550288331099070e-02 7.468008121866952231e-02
1.560000000000000000e+02 1.170000000000000000e+02 7.888904890054325436e-02 7.585602563189400294e-02
1.570000000000000000e+02 1.170000000000000000e+02 7.958347847046967627e-02 7.501939600020129939e-02
1.580000000000000000e+02 1.190000000000000000e+02 7.975246147069872671e-02 7.574282436321147505e-02
1.590000000000000000e+02 1.200000000000000000e+02 7.818662298568010427e-02 7.629428313932952455e-02
1.600000000000000000e+02 1.200000000000000000e+02 8.025228119999648635e-02 7.519242534365130903e-02
1.610000000000000000e+02 1.210000000000000000e+02 7.944599914246121275e-02 7.639293684071753188e-02
1.620000000000000000e+02 1.210000000000000000e+02 7.980622003063475578e-02 7.617597577086814009e-02
1.630000000000000000e+02 1.200000000000000000e+02 7.996055912206403993e-02 7.525890098228189828e-02
1.640000000000000000e+02 1.200000000000000000e+02 7.941353205518802971e-02 7.609533793096409648e-02
1.650000000000000000e+02 1.180000000000000000e+02 7.928530151168466933e-02 7.547249009944710652e-02
1.660000000000000000e+02 1.180000000000000000e+02 7.983146150501332916e-02 7.683485532535300200e-02
1.670000000000000000e+02 1.150000000000000000e+02 7.949407355358679983e-02 7.553106573464624107e-02
1.680000000000000000e+02 1.140000000000000000e+02 7.900051602213105373e-02 7.522547047995607750e-02
1.690000000000000000e+02 1.110000000000000000e+02 7.988184811226518856e-02 7.443845672347315645e-02
1.700000000000000000e+02 1.100000000000000000e+02 7.905841726679332937e-02 7.569571336713851184e-02
1.710000000000000000e+02 1.080000000000000000e+02 7.912730144305546442e-02 7.533741930907018880e-02
1.720000000000000000e+02 1.060000000000000000e+02 8.061038257505427629e-02 7.590419638452486351e-02
1.730000000000000000e+02 1.050000000000000000e+02 7.921738075047518590e-02 7.473085319194243403e-02
1.740000000000000000e+02 1.030000000000000000e+02 8.006229575162039647e-02 7.607703304496435393e-02
1.750000000000000000e+02 1.010000000000000000e+02 7.841398893809774229e-02 7.320364765053379019e-02
1.760000000000000000e+02 1.010000000000000000e+02 7.868307076229369423e-02 7.605236961961736597e-02
1.770000000000000000e+02 9.900000000000000000e+01 7.958020285929078008e-02 7.606884401701713427e-02
1.780000000000000000e+02 9.800000000000000000e+01 8.026547998621734459e-02 7.607404645830125045e-02
1.790000000000000000e+02 9.800000000000000000e+01 7.853711338182220447e-02 7.558270478146650317e-02
1.800000000000000000e+02 9.600000000000000000e+01 7.957133944080668764e-02 7.501043624021193346e-02
1.810000000000000000e+02 9.600000000000000000e+01 7.711896642436980032e-02 7.549349254759418759e-02
1.820000000000000000e+02 9.500000000000000000e+01 7.891640988803758083e-02 7.545245106635267707e-02
1.830000000000000000e+02 9.400000000000000000e+01 7.891130378825869651e-02 7.469838610466925100e-02
1.840000000000000000e+02 9.300000000000000000e+01 7.932971494561032177e-02 7.566334262137056066e-02
1.850000000000000000e+02 9.200000000000000000e+01 8.033638733408995924e-02 7.451090553542996653e-02
1.860000000000000000e+02 9.100000000000000000e+01 7.793285946082074978e-02 7.592192322149300676e-02
1.870000000000000000e+02 9.000000000000000000e+01 8.042242029828867989e-02 7.481139469034123191e-02
1.880000000000000000e+02 8.800000000000000000e+01 7.620747944308872701e-02 7.698351026797183028e-02
1.890000000000000000e+02 8.600000000000000000e+01 7.957182114833299957e-02 7.446254209978857286e-02
1.900000000000000000e+02 8.500000000000000000e+01 7.986094200562342260e-02 7.488760082100326398e-02
1.910000000000000000e+02 8.300000000000000000e+01 7.926102345235873370e-02 7.557046941029826881e-02
1.920000000000000000e+02 8.200000000000000000e+01 7.811455953974433264e-02 7.549185474200470480e-02
1.930000000000000000e+02 8.100000000000000000e+01 7.932875153055771178e-02 7.536959737182762076e-02
1.940000000000000000e+02 7.900000000000000000e+01 7.812872174101784251e-02 7.475667271535260672e-02
1.950000000000000000e+02 7.800000000000000000e+01 7.865310855415730273e-02 7.430945544792771917e-02
1.960000000000000000e+02 7.800000000000000000e+01 7.767784349639299257e-02 7.601498911557584559e-02
1.970000000000000000e+02 7.700000000000000000e+01 7.829259864146798087e-02 7.468354951285895160e-02
1.980000000000000000e+02 7.900000000000000000e+01 7.837034623621419449e-02 7.615516600573161987e-02
1.990000000000000000e+02 8.000000000000000000e+01 7.676433334350142579e-02 7.546324131494198950e-02
2.000000000000000000e+02 8.300000000000000000e+01 7.878798666152370123e-02 7.560833162186612888e-02
