1.500000000000000000e+02 1.130000000000000000e+02 8.122270991419666686e-02 9.151047974866556578e-02
1.510000000000000000e+02 1.110000000000000000e+02 7.823057398038051058e-02 8.880987320977132282e-02
1.520000000000000000e+02 1.100000000000000000e+02 8.020141288521830114e-02 8.940869346987599664e-02
1.530000000000000000e+02 1.090000000000000000e+02 7.824290569305399068e-02 9.313410386854015233e-02
1.540000000000000000e+02 1.090000000000000000e+02 7.972244145765916556e-02 9.371527436488089058e-02
1.550000000000000000e+02 1.090000000000000000e+02 8.032133879096807483e-02 9.222144152089488400e-02
1.560000000000000000e+02 1.100000000000000000e+02 7.990021080316808688e-02 9.676509959204779299e-02
1.570000000000000000e+02 1.100000000000000000e+02 8.029212804657272218e-02 9.621206081524345810e-02
1.580000000000000000e+02 1.110000000000000000e+02 8.016160457524415528e-02 9.939811293085043520e-02
1.590000000000000000e+02 1.110000000000000000e+02 7.988414104009043670e-02 9.994171024013911997e-02
1.600000000000000000e+02 1.110000000000000000e+02 7.892492647710272480e-02 9.991007168981114184e-02
1.610000000000000000e+02 1.110000000000000000e+02 8.011543772592275015e-02 1.023474732363303941e-01
1.620000000000000000e+02 1.110000000000000000e+02 8.071564530370321788e-02 1.027633987828462797e-01
1.630000000000000000e+02 1.100000000000000000e+02 8.085715170663164419e-02 1.028785076133329618e-01
1.640000000000000000e+02 1.100000000000000000e+02 8.148271636859696909e-02 1.048559362771306902e-01
1.650000000000000000e+02 1.070000000000000000e+02 7.970563949914152846e-02 1.070986509098170308e-01
1.660000000000000000e+02 1.060000000000000000e+02 7.857593900844268842e-02 1.078109229265179214e-01
1.670000000000000000e+02 1.040000000000000000e+02 7.923587831948540605e-02 1.069785323210567518e-01
1.680000000000000000e+02 1.030000000000000000e+02 8.124903041343417565e-02 1.101305566170052708e-01
1.690000000000000000e+02 1.010000000000000000e+02 7.987593274384213737e-02 1.058640152515871458e-01
1.700000000000000000e+02 9.800000000000000000e+01 7.939283789985780715e-02 1.128776768346398535e-01
1.710000000000000000e+02 9.700000000000000000e+01 8.038642711192291179e-02 1.115765270011772475e-01
1.720000000000000000e+02 9.400000000000000000e+01 7.957977895666763779e-02 1.137869479612999279e-01
1.730000000000000000e+02 9.200000000000000000e+01 7.902042017711811972e-02 1.172179387198842571e-01
1.740000000000000000e+02 9.100000000000000000e+01 7.925187100935886242e-02 1.158208327471809684e-01
1.750000000000000000e+02 8.900000000000000000e+01 7.970344291282158156e-02 1.169994361859506560e-01
1.760000000000000000e+02 8.800000000000000000e+01 7.965446289154651249e-02 1.188143174620708425e-01
1.770000000000000000e+02 8.600000000000000000e+01 7.839693649166643019e-02 1.194936792205743420e-01
1.780000000000000000e+02 8.600000000000000000e+01 8.083063852438360231e-02 1.195584977853143965e-01
1.790000000000000000e+02 8.400000000000000000e+01 8.011000406502599702e-02 1.247676829748152055e-01
1.800000000000000000e+02 8.300000000000000000e+01 7.901263578349297656e-02 1.221703930661636323e-01
1.810000000000000000e+02 8.200000000000000000e+01 7.966479070091056491e-02 1.289608891864281459e-01
1.820000000000000000e+02 8.100000000000000000e+01 7.977866636012991008e-02 1.272030420814229124e-01
1.830000000000000000e+02 8.000000000000000000e+01 7.937761594202645543e-02 1.287257388403853509e-01
1.840000000000000000e+02 7.900000000000000000e+01 7.959592579294949566e-02 1.287312881110884433e-01
1.850000000000000000e+02 7.800000000000000000e+01 8.148441197908959377e-02 1.313627599858068484e-01
1.860000000000000000e+02 7.600000000000000000e+01 7.890974305587344917e-02 1.312355506622592816e-01
1.870000000000000000e+02 7.500000000000000000e+01 8.131550605206476490e-02 1.377841910677147508e-01
1.880000000000000000e+02 7.300000000000000000e+01 7.881513569770645655e-02 1.370835571048494850e-01
1.890000000000000000e+02 7.100000000000000000e+01 7.919418171600814405e-02 1.354684495740400285e-01
1.900000000000000000e+02 7.000000000000000000e+01 8.051641107082201099e-02 1.379658526100362437e-01
1.910000000000000000e+02 6.800000000000000000e+01 8.007998405198643588e-02 1.377177154290841754e-01
1.920000000000000000e+02 6.700000000000000000e+01 8.178407259705561261e-02 1.436585180095424352e-01
1.930000000000000000e+02 6.500000000000000000e+01 7.951160770754443774e-02 1.440350976853094211e-01
1.940000000000000000e+02 6.300000000000000000e+01 7.886357620655204403e-02 1.433835208169234321e-01
1.950000000000000000e+02 6.200000000000000000e+01 7.854834680133572500e-02 1.451648752492125105e-01
1.960000000000000000e+02 6.100000000000000000e+01 7.937553496551279231e-02 1.478200856708273836e-01
1.970000000000000000e+02 6.100000000000000000e+01 8.024553729462817475e-02 1.464772392338875850e-01
1.980000000000000000e+02 6.100000000000000000e+01 8.091514929279917945e-02 1.515340121620643299e-01
1.990000000000000000e+02 6.100000000000000000e+01 7.885401912923009626e-02 1.525256360074221107e-01
2.000000000000000000e+02 6.200000000000000000e+01 7.925190954596096626e-02 1.558735033152666705e-01
