1.500000000000000000e+02 1.120000000000000000e+02 8.006086989734251258e-02 8.171123841907775021e-02
1.510000000000000000e+02 1.110000000000000000e+02 7.955234089596910363e-02 7.947403452049237038e-02
1.520000000000000000e+02 1.100000000000000000e+02 8.016025579417050684e-02 8.009740259613776225e-02
1.530000000000000000e+02 1.100000000000000000e+02 8.037132076389785773e-02 7.674317674894594321e-02
1.540000000000000000e+02 1.090000000000000000e+02 8.024626949006816168e-02 7.990888153864163235e-02
1.550000000000000000e+02 1.100000000000000000e+02 8.101010348038512054e-02 7.798193582360107845e-02
1.560000000000000000e+02 1.100000000000000000e+02 8.109711912793750310e-02 8.042068615119397912e-02
1.570000000000000000e+02 1.100000000000000000e+02 8.007535965973389125e-02 7.973388682848427111e-02
1.580000000000000000e+02 1.110000000000000000e+02 7.975727854596180444e-02 7.915572218710767438e-02
1.590000000000000000e+02 1.110000000000000000e+02 8.007986844218013822e-02 8.014383920167389430e-02
1.600000000000000000e+02 1.110000000000000000e+02 7.886596547588253792e-02 7.895055331750232275e-02
1.610000000000000000e+02 1.120000000000000000e+02 8.159023348846905499e-02 7.855586143874614125e-02
1.620000000000000000e+02 1.110000000000000000e+02 8.103411178349635702e-02 8.060200086409649578e-02
1.630000000000000000e+02 1.100000000000000000e+02 7.927788321577952657e-02 7.927522419023430578e-02
1.640000000000000000e+02 1.090000000000000000e+02 8.059884086272392500e-02 8.336603865005506875e-02
1.650000000000000000e+02 1.080000000000000000e+02 8.026430461985313569e-02 7.752685708934684006e-02
1.660000000000000000e+02 1.060000000000000000e+02 7.935545739581624514e-02 7.923911539406221227e-02
1.670000000000000000e+02 1.040000000000000000e+02 7.985439078326560247e-02 8.058022768390735169e-02
1.680000000000000000e+02 1.030000000000000000e+02 7.991558690740785398e-02 8.041629297855404368e-02
1.690000000000000000e+02 1.000000000000000000e+02 8.006688160727085113e-02 8.172430232719127274e-02
1.700000000000000000e+02 9.900000000000000000e+01 8.045197787210296714e-02 7.835281208225655658e-02
1.710000000000000000e+02 9.700000000000000000e+01 8.031020171295984167e-02 8.045783543562287643e-02
1.720000000000000000e+02 9.500000000000000000e+01 8.109511522462804767e-02 7.803480804168870522e-02
1.730000000000000000e+02 9.300000000000000000e+01 7.947415013029868192e-02 7.656355764653602347e-02
1.740000000000000000e+02 9.100000000000000000e+01 7.987654932947582664e-02 8.066169406075665571e-02
1.750000000000000000e+02 9.000000000000000000e+01 8.057001548434961080e-02 7.689196656967214882e-02
1.760000000000000000e+02 8.800000000000000000e+01 7.932270128402728326e-02 7.934254763411119349e-02
1.770000000000000000e+02 8.700000000000000000e+01 7.951877551553590551e-02 7.700248954450839012e-02
1.780000000000000000e+02 8.600000000000000000e+01 8.135018899395897451e-02 8.101692445895765371e-02
1.790000000000000000e+02 8.500000000000000000e+01 8.014491822653284359e-02 7.732442431849091691e-02
1.800000000000000000e+02 8.300000000000000000e+01 7.911880412229137238e-02 7.857593900844268842e-02
1.810000000000000000e+02 8.300000000000000000e+01 8.096883077953101471e-02 7.811365392959487841e-02
1.820000000000000000e+02 8.200000000000000000e+01 8.086547561268624118e-02 7.823743349555513371e-02
1.830000000000000000e+02 8.000000000000000000e+01 7.867143270845808334e-02 7.893752794599094569e-02
1.840000000000000000e+02 7.900000000000000000e+01 7.894827965797815428e-02 7.823354129874254825e-02
1.850000000000000000e+02 7.800000000000000000e+01 8.042253590809499142e-02 8.017120018916822077e-02
1.860000000000000000e+02 7.700000000000000000e+01 8.094015954756510201e-02 7.779807769495959702e-02
1.870000000000000000e+02 7.500000000000000000e+01 7.900932163571196265e-02 7.853809606517588027e-02
1.880000000000000000e+02 7.300000000000000000e+01 7.873143419793510178e-02 7.790509383900431906e-02
1.890000000000000000e+02 7.200000000000000000e+01 8.089222001454689226e-02 7.687840168573130406e-02
1.900000000000000000e+02 7.000000000000000000e+01 8.044484860071360321e-02 7.962382629287327596e-02
1.910000000000000000e+02 6.900000000000000000e+01 8.118004989566678098e-02 7.785630650073979697e-02
1.920000000000000000e+02 6.700000000000000000e+01 8.023744460818618696e-02 8.014958115538750594e-02
1.930000000000000000e+02 6.500000000000000000e+01 7.931167981582533388e-02 7.871979614409947701e-02
1.940000000000000000e+02 6.400000000000000000e+01 8.009763381575039920e-02 7.665384890526730222e-02
1.950000000000000000e+02 6.200000000000000000e+01 7.933915641312595801e-02 7.822941788231733973e-02
1.960000000000000000e+02 6.200000000000000000e+01 8.077776630629596166e-02 7.663689280034122198e-02
1.970000000000000000e+02 6.100000000000000000e+01 7.994822740939051819e-02 8.044862518771986326e-02
1.980000000000000000e+02 6.100000000000000000e+01 7.899710553284479408e-02 7.997897961787008014e-02
1.990000000000000000e+02 6.100000000000000000e+01 7.863929318230278298e-02 7.866865807310655101e-02
2.000000000000000000e+02 6.200000000000000000e+01 7.871729126496268547e-02 7.712784911115491693e-02
