-1.000000000000000000e+02 3.748616439786080612e+00 3.108222192665348604e+00
-9.800000000000000000e+01 3.878393702364804518e+00 3.126964994598081748e+00
-9.600000000000000000e+01 3.769173965345197885e+00 3.044132320037792994e+00
-9.400000000000000000e+01 3.574336408431373346e+00 3.150780614698777793e+00
-9.200000000000000000e+01 3.794751759160316151e+00 3.004355540010830161e+00
-9.000000000000000000e+01 3.734522553398157196e+00 3.040804158946933899e+00
-8.800000000000000000e+01 3.784318849972339027e+00 3.168920844307692608e+00
-8.600000000000000000e+01 3.771871527492525633e+00 2.999682101173771542e+00
-8.400000000000000000e+01 3.785009005482759648e+00 3.033902603842731249e+00
-8.200000000000000000e+01 3.878099422857823164e+00 3.121979759616721584e+00
-8.000000000000000000e+01 3.834899891898470692e+00 3.098843785044053778e+00
-7.800000000000000000e+01 3.772326960062853729e+00 3.067075611599937357e+00
-7.600000000000000000e+01 3.734049604190509353e+00 3.014455633089721864e+00
-7.400000000000000000e+01 3.772446073196632277e+00 3.051226558152519530e+00
-7.200000000000000000e+01 3.817411281197871986e+00 3.065450067656612099e+00
-7.000000000000000000e+01 3.824078113361982112e+00 3.155611703271719914e+00
-6.800000000000000000e+01 3.836140069820748622e+00 3.028377856431905712e+00
-6.600000000000000000e+01 3.754729746210868857e+00 3.088190166225840194e+00
-6.400000000000000000e+01 3.707778151537505895e+00 2.997517044800980468e+00
-6.200000000000000000e+01 3.869975206468661888e+00 3.110982814707029309e+00
-6.000000000000000000e+01 3.733671244824390723e+00 3.098535492227216803e+00
-5.800000000000000000e+01 3.859307574340592240e+00 3.093998683161255592e+00
-5.600000000000000000e+01 3.766700616155570280e+00 3.031607924353771022e+00
-5.400000000000000000e+01 3.900839521427050816e+00 3.115684280163800945e+00
-5.200000000000000000e+01 3.804638149263900537e+00 3.113627826942396926e+00
-5.000000000000000000e+01 3.789710470939530396e+00 3.078710162108088788e+00
-4.800000000000000000e+01 3.759609881368306983e+00 2.981447281723326626e+00
-4.600000000000000000e+01 3.731754924701548237e+00 3.084028213198535262e+00
-4.400000000000000000e+01 3.669255562742677057e+00 3.037440964581433978e+00
-4.200000000000000000e+01 3.743694264699072072e+00 3.047148684984350986e+00
-4.000000000000000000e+01 3.640356614491627063e+00 3.073535747443669308e+00
-3.800000000000000000e+01 3.561552766515009960e+00 3.130163532572771246e+00
-3.600000000000000000e+01 3.806452872890284223e+00 3.060195076460519026e+00
-3.400000000000000000e+01 3.754614136404555769e+00 3.037549567732820588e+00
-3.200000000000000000e+01 3.783274858388048223e+00 3.086438502493809910e+00
-3.000000000000000000e+01 3.682564703778649751e+00 3.051566380916534094e+00
-2.800000000000000000e+01 3.748479810014982316e+00 3.075262887883450702e+00
-2.600000000000000000e+01 3.785033528775007650e+00 2.999475404853391147e+00
-2.400000000000000000e+01 3.698974289620317712e+00 3.097043074727525269e+00
-2.200000000000000000e+01 3.817940283644944532e+00 3.135979056163114453e+00
-2.000000000000000000e+01 3.611643342596172257e+00 3.084290962758339028e+00
-1.800000000000000000e+01 3.739816081196355224e+00 3.085317437705309640e+00
-1.600000000000000000e+01 3.685955924763862246e+00 3.117576076994395429e+00
-1.400000000000000000e+01 3.803068658560000870e+00 3.099761656839639112e+00
-1.200000000000000000e+01 3.810369592995105581e+00 2.937067129408585497e+00
-1.000000000000000000e+01 3.542859011166773264e+00 3.020512886275085851e+00
-8.000000000000000000e+00 3.695092602790136738e+00 3.148633074963307799e+00
-6.000000000000000000e+00 3.783320401645082320e+00 3.136084155987036048e+00
-4.000000000000000000e+00 3.612873010536058249e+00 3.031250584952435823e+00
-2.000000000000000000e+00 3.635882865320019697e+00 3.009992393900506436e+00
0.000000000000000000e+00 3.514765828232457867e+00 3.118777718314567959e+00
2.000000000000000000e+00 3.496884844855884467e+00 2.942584870164483668e+00
4.000000000000000000e+00 3.406516512920397144e+00 3.078699652125695962e+00
6.000000000000000000e+00 3.553225357132933748e+00 3.091686487034975173e+00
8.000000000000000000e+00 3.573642749593488599e+00 3.043396621270340052e+00
1.000000000000000000e+01 3.418501396174953744e+00 3.087734733655512986e+00
1.200000000000000000e+01 3.465025584897701627e+00 3.045428551199496070e+00
1.400000000000000000e+01 3.456351346096683486e+00 2.957239288946656774e+00
1.600000000000000000e+01 3.542662824828785695e+00 3.000642012898923294e+00
1.800000000000000000e+01 3.449509347559369665e+00 3.064286962938542747e+00
2.000000000000000000e+01 3.581202930260936057e+00 3.027351381484934656e+00
2.200000000000000000e+01 3.435453997773551205e+00 3.104161836134500696e+00
2.400000000000000000e+01 3.493125774486944390e+00 3.022996745447104949e+00
2.600000000000000000e+01 3.459122478120756572e+00 3.098773718494773011e+00
2.800000000000000000e+01 3.573733836107554129e+00 3.053191924859858908e+00
3.000000000000000000e+01 3.624220288192156136e+00 3.018260246715693373e+00
3.200000000000000000e+01 3.494803868342230668e+00 3.091886176700425981e+00
3.400000000000000000e+01 3.532394572031619884e+00 2.970408296884067045e+00
3.600000000000000000e+01 3.411610351053143919e+00 3.068802752039720527e+00
3.800000000000000000e+01 3.676588027124959801e+00 3.038047040232717322e+00
4.000000000000000000e+01 3.693057169533516149e+00 3.018508982965641962e+00
4.200000000000000000e+01 3.407013985420293434e+00 3.042702962432456193e+00
4.400000000000000000e+01 3.582628784538808731e+00 3.056012103468428887e+00
4.600000000000000000e+01 3.627674569071721589e+00 3.053212944824643227e+00
4.800000000000000000e+01 3.457763187064700539e+00 3.104873011609705635e+00
5.000000000000000000e+01 3.448556442489144835e+00 3.039690100813361884e+00
5.200000000000000000e+01 3.635038563401180145e+00 3.097684183653450329e+00
5.400000000000000000e+01 3.511017267845911505e+00 3.114254922558463701e+00
5.600000000000000000e+01 3.601630832703882401e+00 3.040590455971626582e+00
5.800000000000000000e+01 3.612168841715782008e+00 3.120914748067646460e+00
6.000000000000000000e+01 3.591327546632075318e+00 3.128359318928779054e+00
6.200000000000000000e+01 3.556543008241401793e+00 3.053181414877466082e+00
6.400000000000000000e+01 3.598285154975702671e+00 3.045778883945902571e+00
6.600000000000000000e+01 3.572139822111406460e+00 3.124267432450754001e+00
6.800000000000000000e+01 3.537754663051634552e+00 3.031348678121430495e+00
7.000000000000000000e+01 3.614312878123788764e+00 3.044626289210225600e+00
7.200000000000000000e+01 3.627846232117460712e+00 3.022380159813430556e+00
7.400000000000000000e+01 3.513714829993239697e+00 3.004835495873406703e+00
7.600000000000000000e+01 3.714553586853002187e+00 3.049972366920384648e+00
7.800000000000000000e+01 3.782045190448162231e+00 3.058989931812881924e+00
8.000000000000000000e+01 3.674944966544315239e+00 3.094762408548421107e+00
8.200000000000000000e+01 3.745431915121247624e+00 3.015997097173909403e+00
8.400000000000000000e+01 3.514867424728915779e+00 3.091010344834411505e+00
8.600000000000000000e+01 3.818108443363219529e+00 3.068946388465746633e+00
8.800000000000000000e+01 3.719619398366036389e+00 3.141100920915573802e+00
9.000000000000000000e+01 3.767597467986369519e+00 3.062507272586800333e+00
9.200000000000000000e+01 3.708794116502084570e+00 3.036029123613416925e+00
9.400000000000000000e+01 3.632179848190505655e+00 3.047260791463200835e+00
9.600000000000000000e+01 3.815918863698180896e+00 2.950940306166272009e+00
9.800000000000000000e+01 3.810131366727549374e+00 3.032368146413471965e+00
