-1.000000000000000000e+02 2.312085200000000285e-01
-9.800000000000000000e+01 2.314772400000000285e-01
-9.600000000000000000e+01 2.314972799999999997e-01
-9.400000000000000000e+01 2.329472600000000171e-01
-9.200000000000000000e+01 2.268772399999999800e-01
-9.000000000000000000e+01 2.331685000000000008e-01
-8.800000000000000000e+01 2.324734999999999718e-01
-8.600000000000000000e+01 2.266034799999999960e-01
-8.400000000000000000e+01 2.255747000000000169e-01
-8.200000000000000000e+01 2.331822200000000234e-01
-8.000000000000000000e+01 2.333523199999999742e-01
-7.800000000000000000e+01 2.307747399999999782e-01
-7.600000000000000000e+01 2.245722400000000341e-01
-7.400000000000000000e+01 2.290622799999999792e-01
-7.200000000000000000e+01 2.241172400000000231e-01
-7.000000000000000000e+01 2.256922800000000229e-01
-6.800000000000000000e+01 2.227110399999999713e-01
-6.600000000000000000e+01 2.224035000000000317e-01
-6.400000000000000000e+01 2.219685000000000130e-01
-6.200000000000000000e+01 2.221409399999999812e-01
-6.000000000000000000e+01 2.228184600000000237e-01
-5.800000000000000000e+01 2.238410199999999739e-01
-5.600000000000000000e+01 2.170359599999999722e-01
-5.400000000000000000e+01 2.188135000000000496e-01
-5.200000000000000000e+01 2.210722799999999821e-01
-5.000000000000000000e+01 2.139860000000000095e-01
-4.800000000000000000e+01 2.135784600000000255e-01
-4.600000000000000000e+01 2.128097600000000145e-01
-4.400000000000000000e+01 2.115772200000000380e-01
-4.200000000000000000e+01 2.106460599999999683e-01
-4.000000000000000000e+01 2.088159800000000399e-01
-3.800000000000000000e+01 2.140172799999999764e-01
-3.600000000000000000e+01 2.073484800000000017e-01
-3.400000000000000000e+01 2.102972400000000242e-01
-3.200000000000000000e+01 2.087935199999999825e-01
-3.000000000000000000e+01 2.077584600000000059e-01
-2.800000000000000000e+01 2.103285599999999977e-01
-2.600000000000000000e+01 2.018697000000000130e-01
-2.400000000000000000e+01 2.043034599999999645e-01
-2.200000000000000000e+01 2.070959799999999851e-01
-2.000000000000000000e+01 2.038584799999999808e-01
-1.800000000000000000e+01 2.020997000000000210e-01
-1.600000000000000000e+01 2.061359399999999897e-01
-1.400000000000000000e+01 2.064598199999999883e-01
-1.200000000000000000e+01 2.013834999999999931e-01
-1.000000000000000000e+01 1.999996800000000130e-01
-8.000000000000000000e+00 2.058559800000000217e-01
-6.000000000000000000e+00 1.997972800000000215e-01
-4.000000000000000000e+00 1.977259999999999573e-01
-2.000000000000000000e+00 1.923372799999999438e-01
0.000000000000000000e+00 1.991935800000000367e-01
2.000000000000000000e+00 2.017423000000000133e-01
4.000000000000000000e+00 2.090710000000000068e-01
6.000000000000000000e+00 2.196209800000000212e-01
8.000000000000000000e+00 2.227610399999999935e-01
1.000000000000000000e+01 2.343397200000000291e-01
1.200000000000000000e+01 2.496684600000000365e-01
1.400000000000000000e+01 2.516097200000000367e-01
1.600000000000000000e+01 2.674997199999999964e-01
1.800000000000000000e+01 2.880710400000000004e-01
2.000000000000000000e+01 2.971309599999999995e-01
2.200000000000000000e+01 3.256759999999999655e-01
2.400000000000000000e+01 3.374035200000000123e-01
2.600000000000000000e+01 3.701359999999999095e-01
2.800000000000000000e+01 3.800096800000000163e-01
3.000000000000000000e+01 4.102684799999999354e-01
3.200000000000000000e+01 4.231609800000000199e-01
3.400000000000000000e+01 4.457598000000000393e-01
3.600000000000000000e+01 4.913585199999999098e-01
3.800000000000000000e+01 5.214647399999999822e-01
4.000000000000000000e+01 5.506160399999999733e-01
4.200000000000000000e+01 5.879509600000000225e-01
4.400000000000000000e+01 6.209210400000000352e-01
4.600000000000000000e+01 6.661847399999999420e-01
4.800000000000000000e+01 7.126235400000000553e-01
5.000000000000000000e+01 7.329722599999999311e-01
5.200000000000000000e+01 7.919560199999999828e-01
5.400000000000000000e+01 8.414047599999999738e-01
5.600000000000000000e+01 8.739384800000000730e-01
5.800000000000000000e+01 9.367535200000000062e-01
6.000000000000000000e+01 9.829022599999999166e-01
6.200000000000000000e+01 1.020967259999999932e+00
6.400000000000000000e+01 1.034901040000000050e+00
6.600000000000000000e+01 1.094279699999999966e+00
6.800000000000000000e+01 1.103581020000000024e+00
7.000000000000000000e+01 1.141487239999999792e+00
7.200000000000000000e+01 1.149199700000000268e+00
7.400000000000000000e+01 1.174903499999999879e+00
7.600000000000000000e+01 1.180968599999999924e+00
7.800000000000000000e+01 1.232362259999999932e+00
8.000000000000000000e+01 1.262881020000000021e+00
8.200000000000000000e+01 1.276009759999999993e+00
8.400000000000000000e+01 1.282970979999999983e+00
8.600000000000000000e+01 1.282962180000000174e+00
8.800000000000000000e+01 1.301114719999999947e+00
9.000000000000000000e+01 1.314049699999999987e+00
9.200000000000000000e+01 1.312107240000000230e+00
9.400000000000000000e+01 1.304308499999999871e+00
9.600000000000000000e+01 1.300343440000000017e+00
9.800000000000000000e+01 1.376452260000000427e+00
