1.500000000000000000e+02 3.3000000000000000e+02 1.113288715277515051e-01 10.993263487034345638e-02
1.510000000000000000e+02 3.0000000000000000e+02 1.037837902016751634e-01 9.805002551602431948e-02
1.520000000000000000e+02 1.5000000000000000e+02 1.001911191289606151e-01 9.741841060752853831e-02
1.530000000000000000e+02 1.400000000000000000e+02 9.686213475614739721e-02 9.835851101587234080e-02
1.540000000000000000e+02 1.420000000000000000e+02 9.737168497747658580e-02 9.978995310105086280e-02
1.550000000000000000e+02 1.130000000000000000e+02 9.397150423227496052e-02 9.770175097450323198e-02
1.560000000000000000e+02 1.080000000000000000e+02 9.592155264027728279e-02 9.945882734746636089e-02
1.570000000000000000e+02 1.020000000000000000e+02 9.724355077547851278e-02 9.772516196028181723e-02
1.580000000000000000e+02 9.800000000000000000e+01 1.013697611043324343e-01 1.004926680404297917e-01
1.590000000000000000e+02 9.400000000000000000e+01 1.023262395685707038e-01 9.907702596211419299e-02
1.600000000000000000e+02 9.200000000000000000e+01 1.055106153419861220e-01 1.011826659011141744e-01
1.610000000000000000e+02 9.000000000000000000e+01 1.043324550741406148e-01 1.006360242002592165e-01
1.620000000000000000e+02 8.800000000000000000e+01 1.067839610170301795e-01 9.878617095772908308e-02
1.630000000000000000e+02 8.700000000000000000e+01 1.136729566922742157e-01 9.982800799562922822e-02
1.640000000000000000e+02 8.700000000000000000e+01 1.126773635768997112e-01 1.003811045773367466e-01
1.650000000000000000e+02 8.700000000000000000e+01 1.142887715939071153e-01 1.023326944494232504e-01
1.660000000000000000e+02 8.700000000000000000e+01 1.158789844797569468e-01 9.935757242543628853e-02
1.670000000000000000e+02 8.700000000000000000e+01 1.156239685153292035e-01 9.923704920235391913e-02
1.680000000000000000e+02 8.700000000000000000e+01 1.202582839429333778e-01 9.765435095391447606e-02
1.690000000000000000e+02 8.800000000000000000e+01 1.233366840605609194e-01 1.014736172470045439e-01
1.700000000000000000e+02 8.800000000000000000e+01 1.199242679441910459e-01 1.026426250718501659e-01
1.710000000000000000e+02 8.700000000000000000e+01 1.275401602766346731e-01 1.000632739514783487e-01
1.720000000000000000e+02 8.700000000000000000e+01 1.276785066781905564e-01 9.996895561782710715e-02
1.730000000000000000e+02 8.700000000000000000e+01 1.282390215558031898e-01 1.017878832371682668e-01
1.740000000000000000e+02 8.600000000000000000e+01 1.360094456626866344e-01 9.952270176545488511e-02
1.750000000000000000e+02 8.600000000000000000e+01 1.357167601697015502e-01 9.822729388570587694e-02
1.760000000000000000e+02 8.700000000000000000e+01 1.352380392300560896e-01 1.013104147370912089e-01
1.770000000000000000e+02 8.700000000000000000e+01 1.356918077198387695e-01 9.963503596059004874e-02
1.780000000000000000e+02 8.800000000000000000e+01 1.432811097968302028e-01 1.021044614234582482e-01
1.790000000000000000e+02 8.900000000000000000e+01 1.397780363240090640e-01 9.893916126808467715e-02
1.800000000000000000e+02 9.000000000000000000e+01 1.443715992948875482e-01 9.899619543919961628e-02
1.810000000000000000e+02 9.200000000000000000e+01 1.467369759320731604e-01 1.016860502661066507e-01
1.820000000000000000e+02 9.300000000000000000e+01 1.459625829127794705e-01 9.852286962384881885e-02
1.830000000000000000e+02 9.500000000000000000e+01 1.509548070324309432e-01 9.858761111538466571e-02
1.840000000000000000e+02 9.600000000000000000e+01 1.526409760575214436e-01 9.962125912533759120e-02
1.850000000000000000e+02 9.800000000000000000e+01 1.470541321673946855e-01 9.877518802612925142e-02
1.860000000000000000e+02 1.000000000000000000e+02 1.530717189275465351e-01 9.996876293481660181e-02
1.870000000000000000e+02 1.010000000000000000e+02 1.533220141582164742e-01 9.909648694617705089e-02
1.880000000000000000e+02 1.030000000000000000e+02 1.462882172005640635e-01 1.004209899605150863e-01
1.890000000000000000e+02 1.040000000000000000e+02 1.498581516780368439e-01 1.007636766947310053e-01
1.900000000000000000e+02 1.050000000000000000e+02 1.476629141391434530e-01 1.017838368939472798e-01
1.910000000000000000e+02 1.060000000000000000e+02 1.452244142994641996e-01 9.980536774189274762e-02
1.920000000000000000e+02 1.060000000000000000e+02 1.598632169994657903e-01 9.822478900656904377e-02
1.930000000000000000e+02 1.090000000000000000e+02 1.464589343478877870e-01 1.001683825337188471e-01
1.940000000000000000e+02 1.110000000000000000e+02 1.522138941646962451e-01 1.003757094530420696e-01
1.950000000000000000e+02 1.120000000000000000e+02 1.509195460415051482e-01 9.926392848232190591e-02
1.960000000000000000e+02 1.150000000000000000e+02 1.594660973147769834e-01 1.007983596366252288e-01
1.970000000000000000e+02 1.180000000000000000e+02 1.607866503273993053e-01 9.975228357249354971e-02
1.980000000000000000e+02 1.240000000000000000e+02 1.525491626030070214e-01 1.005372741573659773e-01
1.990000000000000000e+02 1.310000000000000000e+02 1.556668700547813033e-01 1.010635878006107130e-01
2.000000000000000000e+02 1.380000000000000000e+02 1.532639202305436654e-01 9.964177986595833258e-02
