1.500000000000000000e+02 2.0000000000000000e+02 6.992688037357239206e-02 6.860257004224488975e-02
1.510000000000000000e+02 1.550000000000000000e+02 6.779021846987810795e-02 1.171650472334955367e-01
1.520000000000000000e+02 1.470000000000000000e+02 6.908504830059553070e-02 8.775998202203127985e-02
1.530000000000000000e+02 1.310000000000000000e+02 6.977822543095354990e-02 9.202309362986206553e-02
1.540000000000000000e+02 1.190000000000000000e+02 7.035887568316591401e-02 1.153225159453653004e-01
1.550000000000000000e+02 1.120000000000000000e+02 6.825323574416591876e-02 7.842612796776071704e-02
1.560000000000000000e+02 1.040000000000000000e+02 7.075214170764422550e-02 7.966999314219469497e-02
1.570000000000000000e+02 9.800000000000000000e+01 6.927204716230853099e-02 8.179557577278387392e-02
1.580000000000000000e+02 9.300000000000000000e+01 6.913003978355276857e-02 8.177370625108945634e-02
1.590000000000000000e+02 8.900000000000000000e+01 6.896789703019728934e-02 8.346642649853777685e-02
1.600000000000000000e+02 8.600000000000000000e+01 7.006426336007558209e-02 8.962197429422438799e-02
1.610000000000000000e+02 8.400000000000000000e+01 7.039972448139689143e-02 8.863023483906032340e-02
1.620000000000000000e+02 8.200000000000000000e+01 6.973149980090162514e-02 8.895403863824495605e-02
1.630000000000000000e+02 8.000000000000000000e+01 7.061735994178308662e-02 9.254892556558050321e-02
1.640000000000000000e+02 8.000000000000000000e+01 7.046465865594327138e-02 9.455167277696099881e-02
1.650000000000000000e+02 7.900000000000000000e+01 7.052805136640545591e-02 9.874156484079288365e-02
1.660000000000000000e+02 7.900000000000000000e+01 7.015964145028467935e-02 9.812141457142325995e-02
1.670000000000000000e+02 7.900000000000000000e+01 7.049780013375328558e-02 1.011001012311048969e-01
1.680000000000000000e+02 7.800000000000000000e+01 7.007399385210702492e-02 1.019932833263862415e-01
1.690000000000000000e+02 7.800000000000000000e+01 6.988660962437300006e-02 1.084710934571733176e-01
1.700000000000000000e+02 7.800000000000000000e+01 7.163992867863089309e-02 1.108157566707276276e-01
1.710000000000000000e+02 7.700000000000000000e+01 6.928129594681364800e-02 1.074950576673668751e-01
1.720000000000000000e+02 7.600000000000000000e+01 6.829976869120731042e-02 1.126004830557008479e-01
1.730000000000000000e+02 7.600000000000000000e+01 6.965808757389220507e-02 1.134321992706252280e-01
1.740000000000000000e+02 7.600000000000000000e+01 7.207953496714011865e-02 1.134743968499298677e-01
1.750000000000000000e+02 7.500000000000000000e+01 6.791584779273938943e-02 1.110336811556296155e-01
1.760000000000000000e+02 7.600000000000000000e+01 7.188232390586937748e-02 1.175268095857532891e-01
1.770000000000000000e+02 7.600000000000000000e+01 7.184108974161737549e-02 1.166780409243975969e-01
1.780000000000000000e+02 7.600000000000000000e+01 6.933399475019177971e-02 1.174840339574170778e-01
1.790000000000000000e+02 7.700000000000000000e+01 6.832568455612272884e-02 1.156223307097397485e-01
1.800000000000000000e+02 7.800000000000000000e+01 6.950789116718918137e-02 1.172163972558000755e-01
1.810000000000000000e+02 7.900000000000000000e+01 6.863147249382341164e-02 1.195749336461120332e-01
1.820000000000000000e+02 8.100000000000000000e+01 6.901915071099654075e-02 1.136772920600110370e-01
1.830000000000000000e+02 8.300000000000000000e+01 7.118837604346925363e-02 1.161411297155740818e-01
1.840000000000000000e+02 8.400000000000000000e+01 7.031359517569289730e-02 1.133357614238582750e-01
1.850000000000000000e+02 8.600000000000000000e+01 6.969421563836536437e-02 1.106729785599297605e-01
1.860000000000000000e+02 8.700000000000000000e+01 6.823994061643980091e-02 1.134153395072044213e-01
1.870000000000000000e+02 8.900000000000000000e+01 7.036667934509210909e-02 1.097573488939224268e-01
1.880000000000000000e+02 9.000000000000000000e+01 6.904256169677511212e-02 1.111482312053857918e-01
1.890000000000000000e+02 9.100000000000000000e+01 6.887030308536717937e-02 1.106823236859401510e-01
1.900000000000000000e+02 9.200000000000000000e+01 6.909911416036375320e-02 1.084185873368056635e-01
1.910000000000000000e+02 9.400000000000000000e+01 7.119646872991124142e-02 1.066828024365053945e-01
1.920000000000000000e+02 9.400000000000000000e+01 6.871856521457997413e-02 1.028820337124255607e-01
1.930000000000000000e+02 9.700000000000000000e+01 7.067227459978225879e-02 1.043564441089508132e-01
1.940000000000000000e+02 9.700000000000000000e+01 7.149098471149629985e-02 1.103288467031349057e-01
1.950000000000000000e+02 9.900000000000000000e+01 7.001734504701312423e-02 1.059311460124535142e-01
1.960000000000000000e+02 1.010000000000000000e+02 7.062015384543567087e-02 1.069403232800699294e-01
1.970000000000000000e+02 1.030000000000000000e+02 6.996021453439293936e-02 1.073214502748852939e-01
1.980000000000000000e+02 1.060000000000000000e+02 7.057448797194161572e-02 1.128332441324131630e-01
1.990000000000000000e+02 1.100000000000000000e+02 6.896500678503944548e-02 1.160731126128592833e-01
2.000000000000000000e+02 1.150000000000000000e+02 6.904477755139613870e-02 1.181590025432806695e-01
