1.500000000000000000e+02 1.550000000000000000e+02 5.097236360386717818e-02 7.183280437216485459e-02
1.510000000000000000e+02 1.350000000000000000e+02 5.044730240019082435e-02 7.131805170955150819e-02
1.520000000000000000e+02 1.210000000000000000e+02 4.973880697049619382e-02 7.807852781677644682e-02
1.530000000000000000e+02 1.130000000000000000e+02 4.949862759787874295e-02 7.472285684700573360e-02
1.540000000000000000e+02 1.060000000000000000e+02 5.071436105277629669e-02 6.895903361171321078e-02
1.550000000000000000e+02 9.900000000000000000e+01 4.837865759921132491e-02 7.155524449550587640e-02
1.560000000000000000e+02 9.400000000000000000e+01 4.939823974939604179e-02 6.836614798833264006e-02
1.570000000000000000e+02 8.900000000000000000e+01 5.031714502658226479e-02 6.917011784974161359e-02
1.580000000000000000e+02 8.400000000000000000e+01 4.838665394414805310e-02 6.659953380634861531e-02
1.590000000000000000e+02 8.100000000000000000e+01 4.962676179987682290e-02 6.685300830669216321e-02
1.600000000000000000e+02 7.900000000000000000e+01 5.019941570715245188e-02 6.764859645714338399e-02
1.610000000000000000e+02 7.700000000000000000e+01 5.007532784837535889e-02 6.777412943849939198e-02
1.620000000000000000e+02 7.500000000000000000e+01 5.047379631413780737e-02 6.879881768846299317e-02
1.630000000000000000e+02 7.300000000000000000e+01 4.919601892985168978e-02 6.811460031809431215e-02
1.640000000000000000e+02 7.300000000000000000e+01 4.983649725683156340e-02 6.919535932412021473e-02
1.650000000000000000e+02 7.200000000000000000e+01 4.975046429263287051e-02 6.963910829735564523e-02
1.660000000000000000e+02 7.200000000000000000e+01 5.004844856840733047e-02 6.934324353469691060e-02
1.670000000000000000e+02 7.200000000000000000e+01 4.938427023113308584e-02 6.978005591955353804e-02
1.680000000000000000e+02 7.200000000000000000e+01 5.099172824642477647e-02 6.772557331984750684e-02
1.690000000000000000e+02 7.200000000000000000e+01 5.146360893919664503e-02 6.939430453248564279e-02
1.700000000000000000e+02 7.100000000000000000e+01 4.951818492344686046e-02 7.083316491356933531e-02
1.710000000000000000e+02 7.100000000000000000e+01 5.083893061907969468e-02 6.801565759219051210e-02
1.720000000000000000e+02 7.000000000000000000e+01 5.024238401849916852e-02 6.809311616242093301e-02
1.730000000000000000e+02 7.000000000000000000e+01 5.091927943446795252e-02 6.936983379014916018e-02
1.740000000000000000e+02 6.900000000000000000e+01 4.866498455284913593e-02 7.043643059490156677e-02
1.750000000000000000e+02 6.900000000000000000e+01 5.053333536438953805e-02 6.722064749077087675e-02
1.760000000000000000e+02 6.900000000000000000e+01 4.994237657111420120e-02 7.251461320490200368e-02
1.770000000000000000e+02 6.900000000000000000e+01 4.891682124760324962e-02 7.077622708395965578e-02
1.780000000000000000e+02 7.000000000000000000e+01 5.036772431684466422e-02 6.823261866203990389e-02
1.790000000000000000e+02 7.000000000000000000e+01 4.882385169502569816e-02 6.804841370397948785e-02
1.800000000000000000e+02 7.200000000000000000e+01 5.133720888429327972e-02 6.805718078095832069e-02
1.810000000000000000e+02 7.300000000000000000e+01 4.978090820829556701e-02 6.582591151909703009e-02
1.820000000000000000e+02 7.400000000000000000e+01 5.010365225092228841e-02 7.021513415731542307e-02
1.830000000000000000e+02 7.600000000000000000e+01 5.130031008777802964e-02 7.059250383342556556e-02
1.840000000000000000e+02 7.700000000000000000e+01 5.004083758949166849e-02 6.939623136259086278e-02
1.850000000000000000e+02 7.800000000000000000e+01 4.896971273399192831e-02 6.997216088104539489e-02
1.860000000000000000e+02 8.000000000000000000e+01 5.027677793587759930e-02 6.802741125583244841e-02
1.870000000000000000e+02 8.100000000000000000e+01 5.009189858728036598e-02 7.058402578096251156e-02
1.880000000000000000e+02 8.200000000000000000e+01 5.052215974977918023e-02 7.019654024679992943e-02
1.890000000000000000e+02 8.300000000000000000e+01 5.039999872110732804e-02 6.912782392893174199e-02
1.900000000000000000e+02 8.400000000000000000e+01 5.073921716113382469e-02 6.874698595863219797e-02
1.910000000000000000e+02 8.500000000000000000e+01 5.034412064805554587e-02 7.198646907305729370e-02
1.920000000000000000e+02 8.500000000000000000e+01 4.896277614561309749e-02 6.966483147926053054e-02
1.930000000000000000e+02 8.600000000000000000e+01 4.900449201739142530e-02 7.414596391349859150e-02
1.940000000000000000e+02 8.800000000000000000e+01 5.004575100626001277e-02 6.920017639938330634e-02
1.950000000000000000e+02 8.900000000000000000e+01 4.975402892832754553e-02 7.093894788634669268e-02
1.960000000000000000e+02 9.100000000000000000e+01 5.057861587186254781e-02 7.076524415235981025e-02
1.970000000000000000e+02 9.200000000000000000e+01 4.942627512742720636e-02 7.122199922880562140e-02
1.980000000000000000e+02 9.500000000000000000e+01 4.997426560935581269e-02 7.176305312235538303e-02
1.990000000000000000e+02 9.900000000000000000e+01 5.129770886713597156e-02 7.139078954602412486e-02
2.000000000000000000e+02 1.030000000000000000e+02 4.998515219945038474e-02 7.065445142130885592e-02
