1.500000000000000000e+02 1.430000000000000000e+02 4.575982572998323755e-02 4.960481520497820457e-02
1.510000000000000000e+02 1.280000000000000000e+02 4.509811373524367367e-02 5.161230241841755634e-02
1.520000000000000000e+02 1.180000000000000000e+02 4.520879085648833035e-02 4.858378793221457270e-02
1.530000000000000000e+02 1.100000000000000000e+02 4.590271945058740227e-02 4.917910136152774114e-02
1.540000000000000000e+02 1.040000000000000000e+02 4.654500899786619128e-02 4.866236406390603286e-02
1.550000000000000000e+02 9.700000000000000000e+01 4.489884096576036293e-02 4.870745188836850953e-02
1.560000000000000000e+02 9.200000000000000000e+01 4.544675437448476851e-02 4.886240756543144131e-02
1.570000000000000000e+02 8.600000000000000000e+01 4.477506139980010763e-02 5.008544370642784016e-02
1.580000000000000000e+02 8.200000000000000000e+01 4.436507049000835284e-02 4.792716276895282734e-02
1.590000000000000000e+02 7.900000000000000000e+01 4.359915552317773779e-02 4.761374458403541676e-02
1.600000000000000000e+02 7.700000000000000000e+01 4.590849994090311081e-02 4.960527764420345764e-02
1.610000000000000000e+02 7.500000000000000000e+01 4.502986541291627981e-02 4.963749424356296569e-02
1.620000000000000000e+02 7.300000000000000000e+01 4.492423658654735169e-02 4.904873203660759656e-02
1.630000000000000000e+02 7.200000000000000000e+01 4.555373198192737977e-02 4.781953003927444379e-02
1.640000000000000000e+02 7.100000000000000000e+01 4.617806347262537470e-02 5.075617326605987717e-02
1.650000000000000000e+02 7.100000000000000000e+01 4.524081477283732611e-02 4.829807756421043013e-02
1.660000000000000000e+02 7.000000000000000000e+01 4.514154448581565726e-02 5.001214708922471774e-02
1.670000000000000000e+02 7.000000000000000000e+01 4.593393409829220342e-02 5.047231265495677466e-02
1.680000000000000000e+02 7.000000000000000000e+01 4.657025047224476466e-02 5.139287500603349074e-02
1.690000000000000000e+02 6.900000000000000000e+01 4.436241146446313899e-02 5.180101615892421241e-02
1.700000000000000000e+02 6.900000000000000000e+01 4.511237227802241539e-02 5.005692662087036365e-02
1.710000000000000000e+02 6.900000000000000000e+01 4.602245267332665674e-02 5.105772217752903991e-02
1.720000000000000000e+02 6.800000000000000000e+01 4.454488227542882650e-02 4.954828200969062929e-02
1.730000000000000000e+02 6.800000000000000000e+01 4.640188405764939655e-02 5.176906931577942433e-02
1.740000000000000000e+02 6.700000000000000000e+01 4.411454403972580457e-02 4.966342937677943603e-02
1.750000000000000000e+02 6.700000000000000000e+01 4.440453197056355022e-02 4.968551084978540394e-02
1.760000000000000000e+02 6.700000000000000000e+01 4.423165677352192821e-02 4.906299057938632441e-02
1.770000000000000000e+02 6.700000000000000000e+01 4.422807286952620820e-02 4.953421614992241373e-02
1.780000000000000000e+02 6.800000000000000000e+01 4.573377498696047649e-02 5.079339962369300993e-02
1.790000000000000000e+02 6.900000000000000000e+01 4.562934079525677450e-02 4.839804151006998900e-02
1.800000000000000000e+02 7.000000000000000000e+01 4.577639646888823077e-02 5.055605269133024715e-02
1.810000000000000000e+02 7.000000000000000000e+01 4.389947126337954975e-02 5.099456068667946457e-02
1.820000000000000000e+02 7.200000000000000000e+01 4.469798819559073905e-02 4.872537140834717895e-02
1.830000000000000000e+02 7.300000000000000000e+01 4.452468909592596086e-02 5.172386588151063613e-02
1.840000000000000000e+02 7.500000000000000000e+01 4.547477048421487422e-02 4.969422012186108101e-02
1.850000000000000000e+02 7.600000000000000000e+01 4.474138040956060491e-02 4.919008429312758668e-02
1.860000000000000000e+02 7.800000000000000000e+01 4.627290205040501814e-02 5.062160345151032331e-02
1.870000000000000000e+02 7.900000000000000000e+01 4.466168671640811938e-02 4.965668547141110362e-02
1.880000000000000000e+02 8.000000000000000000e+01 4.526193283079069790e-02 4.967233133186561150e-02
1.890000000000000000e+02 8.100000000000000000e+01 4.526008307388967866e-02 4.918283941193190428e-02
1.900000000000000000e+02 8.100000000000000000e+01 4.386259173516537935e-02 5.001330318728785390e-02
1.910000000000000000e+02 8.200000000000000000e+01 4.447782858776667264e-02 5.035847553233954027e-02
1.920000000000000000e+02 8.300000000000000000e+01 4.421362164373696113e-02 4.779282417401590349e-02
1.930000000000000000e+02 8.400000000000000000e+01 4.482600678778250053e-02 4.877265581912963721e-02
1.940000000000000000e+02 8.500000000000000000e+01 4.547781487578114040e-02 5.208140847583789951e-02
1.950000000000000000e+02 8.600000000000000000e+01 4.483113215586241596e-02 5.044618483872979897e-02
1.960000000000000000e+02 8.800000000000000000e+01 4.504427810210343691e-02 5.016810471794239112e-02
1.970000000000000000e+02 9.000000000000000000e+01 4.561311688577069506e-02 4.918619209631500122e-02
1.980000000000000000e+02 9.200000000000000000e+01 4.501976882316485046e-02 5.070900446508375126e-02
1.990000000000000000e+02 9.500000000000000000e+01 4.360185308532506937e-02 5.020193985459030228e-02
2.000000000000000000e+02 9.900000000000000000e+01 4.495321611133006046e-02 5.102677728603897955e-02
