-1.000000000000000000e+02 1.107017496367283726e+01 7.245140441913165752e+00
-9.600000000000000000e+01 1.282998393205792986e+01 7.058136325208984374e+00
-9.200000000000000000e+01 1.492874333591851155e+01 6.812188723921956068e+00
-8.800000000000000000e+01 1.779426551185601824e+01 6.746711533618630519e+00
-8.400000000000000000e+01 1.926680863484292772e+01 6.678883610586921371e+00
-8.000000000000000000e+01 2.202176929934209326e+01 6.370012744717868713e+00
-7.600000000000000000e+01 2.454173026087941878e+01 6.670773407507615715e+00
-7.200000000000000000e+01 2.606466174278194359e+01 6.301589256017267715e+00
-6.800000000000000000e+01 2.854506663392254495e+01 6.831870417615057534e+00
-6.400000000000000000e+01 3.109425585649254486e+01 6.383521575419293548e+00
-6.000000000000000000e+01 3.290430604403974968e+01 6.365132609560429700e+00
-5.600000000000000000e+01 3.465732206047202624e+01 6.566843694958744315e+00
-5.200000000000000000e+01 3.891519969707152171e+01 6.446472866621028253e+00
-4.800000000000000000e+01 4.111765409054088849e+01 6.692774303981928519e+00
-4.400000000000000000e+01 4.379089263528587139e+01 6.972812784821747378e+00
-4.000000000000000000e+01 4.379089263528587139e+01 6.819006199167019666e+00
-3.600000000000000000e+01 4.379089263528587139e+01 7.018412095093982117e+00
-3.200000000000000000e+01 4.379089263528587139e+01 7.153668561826498795e+00
-2.800000000000000000e+01 4.379089263528587139e+01 7.125659458751321118e+00
-2.400000000000000000e+01 4.379089263528587139e+01 7.092108091627997268e+00
-2.000000000000000000e+01 4.379089263528587139e+01 7.304024369929125626e+00
-1.600000000000000000e+01 4.379089263528587139e+01 7.553629445088634320e+00
-1.200000000000000000e+01 4.379089263528587139e+01 7.106734483790456913e+00
-8.000000000000000000e+00 4.379089263528587139e+01 7.305516787428816272e+00
-4.000000000000000000e+00 4.379089263528587139e+01 7.240743765945768295e+00
0.000000000000000000e+00 4.379089263528587139e+01 7.353228604161880178e+00
4.000000000000000000e+00 4.379089263528587139e+01 7.173381785466776961e+00
8.000000000000000000e+00 4.379089263528587139e+01 7.319260341070330966e+00
1.200000000000000000e+01 4.379089263528587139e+01 7.306448672534256339e+00
1.600000000000000000e+01 4.379089263528587139e+01 7.510422907474353593e+00
2.000000000000000000e+01 4.379089263528587139e+01 7.403809646088011398e+00
2.400000000000000000e+01 4.379089263528587139e+01 7.078634294201212818e+00
2.800000000000000000e+01 4.379089263528587139e+01 7.457210866622712153e+00
3.200000000000000000e+01 4.379089263528587139e+01 7.048498671355348577e+00
3.600000000000000000e+01 4.379089263528587139e+01 7.309135724699191705e+00
4.000000000000000000e+01 4.379089263528587139e+01 6.994028935944108127e+00
4.400000000000000000e+01 4.379089263528587139e+01 7.183604495006911783e+00
4.800000000000000000e+01 4.379089263528587139e+01 7.177217929039927391e+00
5.200000000000000000e+01 3.981731002239503425e+01 6.759032736309737999e+00
5.600000000000000000e+01 3.706848718761290229e+01 7.013538966591471358e+00
6.000000000000000000e+01 3.470001010562162946e+01 6.928303009390836209e+00
6.400000000000000000e+01 3.245611485157986920e+01 6.640431088341373744e+00
6.800000000000000000e+01 3.111345409099560300e+01 7.460864837167729746e+00
7.200000000000000000e+01 2.889311170749474655e+01 6.909956083461540999e+00
7.600000000000000000e+01 2.599682681309530707e+01 6.912772758742649515e+00
8.000000000000000000e+01 2.391998422584989825e+01 7.030428508295716306e+00
8.400000000000000000e+01 2.095858298387593166e+01 7.072510477794033079e+00
8.800000000000000000e+01 1.840392156380706723e+01 7.172369323829664189e+00
9.200000000000000000e+01 1.568905297880662886e+01 7.110360427715761489e+00
9.600000000000000000e+01 1.314387856951044853e+01 7.078357531331553432e+00
